Neuron 0
0.6722964   0.4163487   2.8523252   1.7398913   0.9181706   2.2300305   1.4649978   1.1267987   1.838531   0.98063886   0.13831574   2.0775728   1.9117423   3.0735073   
Neuron 1
2.0331812   0.74008906   1.8133302   0.79477745   2.5031002   1.1278834   1.784356   1.0825043   2.5754318   1.6864638   0.31181413   2.690505   1.6507965   3.696291   
Neuron 2
2.2435946   0.7669368   2.0125625   1.6048541   1.4565927   0.44627112   0.6367363   1.427702   2.032302   0.63415104   0.10431418   1.495673   1.079557   1.9346124   
Neuron 3
2.2360127   1.309395   0.65918255   0.3994821   2.2374942   0.6444038   1.8179365   1.1503919   1.3018167   1.2299616   0.70351374   1.5757687   1.6755737   1.5343784   
Neuron 4
1.3625814   0.16691893   2.2086234   2.2741263   1.1438766   1.8173088   1.6901846   1.7707243   1.3398097   1.3458921   -0.34709984   1.4395986   0.47386765   1.983033   
Neuron 5
0.6799606   0.33178544   1.722006   2.064522   1.2485342   1.9351392   0.86735904   0.37916106   1.7821476   1.2885399   1.1385267   2.5708644   1.3631086   3.9678106  


Neuron 0
1.2812052   0.06547294   2.015605   1.2139075   1.363729   2.4974263   1.4065614   1.2789772   0.21132348   0.26424798   1.2764246   2.767102   3.0881076   0.14424771   
Neuron 1
2.7222905   0.11971541   2.162506   1.2120888   2.1496212   1.1939396   0.1359109   2.3663037   1.3030034   0.23229113   2.5049317   2.7779179   1.4814568   0.05568976   
Neuron 2
1.0467103   -0.105397314   1.3801694   1.7155   1.0967964   1.8680276   0.7798209   2.3368971   -0.05777454   0.78845465   2.3419266   2.4852524   2.4731178   -0.09778029   
Neuron 3
1.480782   0.410895   0.97751856   2.219483   2.290219   2.371127   0.5708114   1.8982209   -0.37953612   0.2449033   2.5435436   2.7085683   1.4474276   -0.15764005   
Neuron 4
2.357828   0.67404413   0.7080915   1.8086581   0.62151045   1.861216   1.6568135   1.1521498   0.874535   0.50049186   2.6409917   1.5518051   2.1660175   0.26076952   
Neuron 5
1.9949638   1.173718   2.0923424   1.2142568   1.5014049   1.9805229   0.17245243   2.2958438   -0.25739154   1.7829174   1.1487508   2.6168268   0.7175068   0.66629744 

ten ciekawy bo wyszlo wszystko na minusie oprocz dwoch - to fajne
Neuron 0
2.1869004   -0.5157352   2.5879202   1.744235   2.3957984   0.15385218   1.4898862   1.1171266   2.5411174   2.0214193   1.2383549   0.15060331   1.3169447   1.078249   
Neuron 1
1.1453786   -0.36331522   2.4828246   2.8656845   2.0169146   0.8143311   1.1821098   0.3900953   1.7108163   2.2219784   1.2943139   0.9305871   2.0042603   1.666336   
Neuron 2
1.8231133   0.35812473   1.7073253   2.277217   2.3425982   0.41302517   2.2846746   1.5195047   0.9521968   1.8743559   0.4714049   0.55484265   1.6611216   1.7797914   
Neuron 3
1.57758   0.32286155   1.2041342   2.4408894   2.4321167   1.2963624   1.0354999   0.9287063   2.417358   3.1035204   0.36229405   -0.17522925   2.4485927   0.51938283   
Neuron 4
0.78138095   -0.76541585   2.6042352   2.181791   1.647522   0.7448582   2.2244709   0.1684174   2.2076364   2.4722238   0.23299335   -0.46385476   2.7216742   0.31281877   
Neuron 5
1.1630735   -0.7067489   1.9840299   1.7496488   2.0434303   1.9934183   1.7230825   0.18094516   1.0194266   2.9390578   1.2464607   0.11370209   3.1612494   0.40453532 






w koncu wyszlo dobrze, ostatni przypadek (2500,3000) dla przykladu w NeuronNet/main (1 000 000, 0.002)
Neuron 0
1.6900291   0.4723185   0.89840627   1.191726   1.6719761   2.811131   0.8021341   3.191429   1.9191861   -0.13524505   1.6036549   1.3493669   1.6044157   0.7262593   
Neuron 1
1.1856841   2.0502853   1.7859285   1.4009365   2.766076   2.0915666   1.2595713   1.0745473   0.64889914   0.067315415   1.1074399   0.15674344   2.6176114   2.115485   
Neuron 2
2.4047248   0.41430426   1.4273041   0.7129855   2.8145483   1.2813319   1.7515067   2.6972005   0.81722903   -0.36985162   0.74822885   -0.027528131   2.6465309   2.2368808   
Neuron 3
2.4465315   1.2206824   1.779209   1.0310994   1.5028235   2.010643   -0.023010254   1.4101183   1.3413256   -0.43338242   1.6147543   1.2541205   2.215659   2.0751126   
Neuron 4
2.2238817   1.8082756   1.9191928   1.9619693   1.4350014   1.7586644   0.43155158   2.0987408   1.9170513   0.18255   0.5935432   -0.318834   2.4016697   0.6699528   
Neuron 5
1.2817076   1.2476865   1.4447256   0.83616257   1.3942684   1.6181962   0.34378338   2.5416434   2.0726657   1.0938804   0.4869674   1.5736927   1.8713732   1.5509303   





tak na 10 000 000, 0.002
Neuron 0
2.0870793   1.8131992   1.8829491   -0.1757605   2.1879942   3.0633204   0.09206466   0.8373538   1.3229035   1.7034941   1.8418224   2.6390464   1.1752348   -0.041110743   
Neuron 1
2.0133858   2.8687773   1.7935536   -0.28078252   3.133387   2.2769258   -0.44819492   0.82061285   1.3988396   0.09748117   1.8735101   3.3597085   0.096304305   0.36440873   
Neuron 2
2.7152572   2.7304316   0.5356923   0.49171668   1.4150537   2.1486719   0.48805523   0.15679124   2.1633618   1.322711   2.2037194   1.9126947   0.91248316   0.81212807   
Neuron 3
2.5634181   1.6642964   1.7244602   -0.14315878   2.6938155   2.240692   0.04194991   0.09462882   2.049358   0.2337292   3.1624453   1.822961   0.13882014   0.032460283   
Neuron 4
2.5121365   1.5311443   0.79831964   1.0988265   2.5389683   2.5552344   -0.51708   0.7637459   1.9500223   0.7774933   2.4637673   1.7445558   0.31240994   -0.45672262   
Neuron 5
2.0109758   1.6292725   1.645871   -0.5053158   2.5811625   2.7889102   -0.72476983   1.4890394   1.9246992   0.75503933   2.4739726   2.3088214   0.024778098   -0.3899465  


na 10 000 000 wyszlo ostatni wynik 
Neuron 0
0.7123149   2.4254904   0.34208757   1.838024   0.047983356   1.4891185   1.0498626   -0.3902004   2.5760152   1.0553739   2.1143622   2.561384   1.010429   1.570311   
Neuron 1
1.3465598   1.3785527   1.6499888   1.5490109   -0.28853834   1.6189553   2.030362   0.8074467   2.3712068   0.5661128   1.1013842   1.2016382   2.2252626   2.7071254   
Neuron 2
0.8160266   3.010734   0.70153606   0.8755456   -0.054225963   0.80338126   2.1556592   0.9226434   1.4651897   -0.018350838   1.1460001   2.9478676   1.7734675   2.6590085   
Neuron 3
1.2701637   1.3885598   0.5926916   2.583758   0.8748194   1.0932416   1.649107   -0.44750273   1.3489085   -0.20728168   2.4918265   2.1865585   0.893626   2.795366   
Neuron 4
0.7577526   1.40071   1.2083745   1.8444356   -0.021540828   1.9544584   1.8668042   0.40488446   2.586721   1.2429404   1.7434229   2.1429083   0.98169804   1.5226511   
Neuron 5
1.2210298   1.8290845   0.9760645   2.1629224   -0.3631694   1.9675884   1.7246698   -0.48774132   1.91748   0.3555372   1.9601693   1.3090254   1.9552853   1.0846368  
-------------ORAZ BIASY--------------
bias dla 0 neurona: -0.34868205
bias dla 1 neurona: 0.332111
bias dla 2 neurona: 0.7723029
bias dla 3 neurona: 0.10878456
bias dla 4 neurona: -0.38234943
bias dla 5 neurona: 0.9654592
-albo-
bias dla 0 neurona: 0.2768851
bias dla 1 neurona: 0.94840926
bias dla 2 neurona: 0.25660717
bias dla 3 neurona: 0.97686815
bias dla 4 neurona: 0.010232806
bias dla 5 neurona: 0.98632336
-albo-
bias dla 0 neurona: -0.9976816
bias dla 1 neurona: 0.41499186
bias dla 2 neurona: 0.45207143
bias dla 3 neurona: 0.3660767
bias dla 4 neurona: 0.6993526
bias dla 5 neurona: 0.77258575

----------------sumowanie raz----------
bias dla 0 neurona: -0.039102018
bias dla 1 neurona: -0.12909204
bias dla 2 neurona: -0.35645932
bias dla 3 neurona: 0.3566401
bias dla 4 neurona: -0.367221
bias dla 5 neurona: 0.23068392